image_width: 2048
image_height: 1536
camera_name: stereo/left
camera_matrix:
  rows: 3
  cols: 3
  data: [1876.157580, 0.000000, 1312.351215, 0.000000, 1871.208119, 431.291774, 0.000000, 0.000000, 1.000000]
distortion_model: plumb_bob
distortion_coefficients:
  rows: 1
  cols: 5
  data: [0.044914, -0.009427, -0.060005, 0.014807, 0.000000]
rectification_matrix:
  rows: 3
  cols: 3
  data: [0.993295, 0.027932, 0.112184, -0.030060, 0.999398, 0.017327, -0.111632, -0.020583, 0.993536]
projection_matrix:
  rows: 3
  cols: 4
  data: [2096.546202, 0.000000, 1112.170456, 0.000000, 0.000000, 2096.546202, 287.513924, 0.000000, 0.000000, 0.000000, 1.000000, 0.000000]
