image_width: 2048
image_height: 1536
camera_name: stereo/left
camera_matrix:
  rows: 3
  cols: 3
  data: [1808.228884, 0.000000, 1061.729170, 0.000000, 1801.284886, 728.923062, 0.000000, 0.000000, 1.000000]
distortion_model: plumb_bob
distortion_coefficients:
  rows: 1
  cols: 5
  data: [-0.083824, 0.027724, -0.004649, -0.000458, 0.000000]
rectification_matrix:
  rows: 3
  cols: 3
  data: [0.999976, 0.006913, 0.000659, -0.006918, 0.999954, 0.006656, -0.000613, -0.006661, 0.999978]
projection_matrix:
  rows: 3
  cols: 4
  data: [1808.362184, 0.000000, 1087.429619, 0.000000, 0.000000, 1808.362184, 692.536118, 0.000000, 0.000000, 0.000000, 1.000000, 0.000000]
