# oST version 5.0 parameters


[image]

width
2048

height
1536

[stereo/left]

camera matrix
1808.228884 0.000000 1061.729170
0.000000 1801.284886 728.923062
0.000000 0.000000 1.000000

distortion
-0.083824 0.027724 -0.004649 -0.000458 0.000000

rectification
0.999976 0.006913 0.000659
-0.006918 0.999954 0.006656
-0.000613 -0.006661 0.999978

projection
1808.362184 0.000000 1087.429619 0.000000
0.000000 1808.362184 692.536118 0.000000
0.000000 0.000000 1.000000 0.000000

# oST version 5.0 parameters


[image]

width
2048

height
1536

[stereo/right]

camera matrix
1822.439582 0.000000 1047.689833
0.000000 1816.020489 684.506455
0.000000 0.000000 1.000000

distortion
-0.118015 0.078294 -0.006999 0.002818 0.000000

rectification
0.999722 -0.003091 -0.023363
0.002935 0.999973 -0.006693
0.023383 0.006623 0.999705

projection
1808.362184 0.000000 1087.429619 -9089.862918
0.000000 1808.362184 692.536118 0.000000
0.000000 0.000000 1.000000 0.000000

