# oST version 5.0 parameters


[image]

width
2048

height
1536

[narrow_stereo/left]

camera matrix
1876.157580 0.000000 1312.351215
0.000000 1871.208119 431.291774
0.000000 0.000000 1.000000

distortion
0.044914 -0.009427 -0.060005 0.014807 0.000000

rectification
0.993295 0.027932 0.112184
-0.030060 0.999398 0.017327
-0.111632 -0.020583 0.993536

projection
2096.546202 0.000000 1112.170456 0.000000
0.000000 2096.546202 287.513924 0.000000
0.000000 0.000000 1.000000 0.000000

# oST version 5.0 parameters


[image]

width
2048

height
1536

[narrow_stereo/right]

camera matrix
1886.217689 0.000000 674.685811
0.000000 1917.712060 376.063163
0.000000 0.000000 1.000000

distortion
-0.006584 0.038518 -0.064001 -0.025903 0.000000

rectification
0.976065 -0.040205 -0.213732
0.036115 0.999083 -0.023008
0.214461 0.014738 0.976621

projection
2096.546202 0.000000 1112.170456 -12224.829960
0.000000 2096.546202 287.513924 0.000000
0.000000 0.000000 1.000000 0.000000

