image_width: 2048
image_height: 1536
camera_name: stereo/right
camera_matrix:
  rows: 3
  cols: 3
  data: [1886.217689, 0.000000, 674.685811, 0.000000, 1917.712060, 376.063163, 0.000000, 0.000000, 1.000000]
distortion_model: plumb_bob
distortion_coefficients:
  rows: 1
  cols: 5
  data: [-0.006584, 0.038518, -0.064001, -0.025903, 0.000000]
rectification_matrix:
  rows: 3
  cols: 3
  data: [0.976065, -0.040205, -0.213732, 0.036115, 0.999083, -0.023008, 0.214461, 0.014738, 0.976621]
projection_matrix:
  rows: 3
  cols: 4
  data: [2096.546202, 0.000000, 1112.170456, -12224.829960, 0.000000, 2096.546202, 287.513924, 0.000000, 0.000000, 0.000000, 1.000000, 0.000000]
