image_width: 2048
image_height: 1536
camera_name: stereo/right
camera_matrix:
  rows: 3
  cols: 3
  data: [1822.439582, 0.000000, 1047.689833, 0.000000, 1816.020489, 684.506455, 0.000000, 0.000000, 1.000000]
distortion_model: plumb_bob
distortion_coefficients:
  rows: 1
  cols: 5
  data: [-0.118015, 0.078294, -0.006999, 0.002818, 0.000000]
rectification_matrix:
  rows: 3
  cols: 3
  data: [0.999722, -0.003091, -0.023363, 0.002935, 0.999973, -0.006693, 0.023383, 0.006623, 0.999705]
projection_matrix:
  rows: 3
  cols: 4
  data: [1808.362184, 0.000000, 1087.429619, -9089.862918, 0.000000, 1808.362184, 692.536118, 0.000000, 0.000000, 0.000000, 1.000000, 0.000000]
